# eventtype event clockticks time[s]  Energy[%]
U 0 1148728 0.22926915244781504 99.83392772609845
U 1 1281225 0.2557126635917448 99.78107317509252
D 2 1419565 0.28315963663360794 99.72196671184588
D 3 1551194 0.30941568094130656 99.66406228255575
D 4 4381052 0.8738903207827162 99.1145805348085
D 5 4513089 0.9002268343972356 99.0569181937093
U 6 4648534 0.92777638773766 98.99811202611048
U 7 4781638 0.9543416978549031 98.9455859883813
U 8 7073231 1.4117087141889262 98.61949114584598
U 9 7206605 1.4383294061490792 98.56711376749661
D 10 7349230 1.4659487765656631 98.50851074009273
D 11 7481664 1.4923663300996903 98.45109030813279
D 12 10310032 2.056539472562922 97.90979730038634
D 13 10442880 2.083037818338844 97.85261617504946
U 14 10575756 2.1107603222171756 97.79431030311376
U 15 10709753 2.137503702747044 97.74225828764739
U 16 12996362 2.59387617194731 97.42236242121172
U 17 13130633 2.6206750542516306 97.37045690066252
D 18 13277537 2.648467584682977 97.31235157766649
D 19 13410788 2.6750472981528843 97.25540959601034
D 20 16237646 3.238920342291001 96.72216347030758
D 21 16371307 3.265581172341703 96.6654580567328
U 22 16501646 3.293477393239069 96.60764679653052
U 23 16636533 3.320399863081577 96.55606353421268
U 24 18918155 3.775775627134962 96.24224778757875
U 25 19053313 3.8027537187596976 96.19080889127032
D 26 19204506 3.8307201761933434 96.13319562795262
D 27 19338583 3.8574627031547886 96.07672663360707
D 28 22163937 4.421037006261096 95.55138843321178
D 29 22298424 4.447860975550705 95.49515331028714
U 30 22426216 4.475931684330933 95.43783106145649
U 31 22562007 4.503034271970938 95.38671136451642
U 32 24838623 4.957411103779526 95.07885941733578
U 33 24974699 4.984569433284239 95.02788199195076
D 34 25130178 5.01271058908759 94.97075522941402
D 35 25265063 5.0396165859526825 94.9147538421435
D 36 28088925 5.602893464445634 94.39718743726654
D 37 28224228 5.629881230799596 94.34141726532836
U 38 28349476 5.658127202739242 94.28457851396395
U 39 28486196 5.6854109463858356 94.23391727400764
U 40 30757772 6.138786550305779 93.93191527925272
U 41 30894758 6.166126155971023 93.88139424954265
D 42 31054543 6.194442785924553 93.82474851217326
D 43 31190238 6.221512911973194 93.76920943177876
D 44 34012643 6.784493642259569 93.25928145914244
D 45 34148749 6.811645866375849 93.20397097689117
U 46 34271479 6.840067881200278 93.14761029258159
U 47 34409102 6.867533828925961 93.0974024777886
U 48 36675662 7.319905841265418 92.80113900458963
U 49 36813548 7.34742777123257 92.75106937242963
D 50 36977616 7.375920655562406 92.69489926687395
D 51 37114162 7.403155572952103 92.63981727256603
D 52 39935073 7.965841392259853 92.13739706517562
D 53 40072018 7.993158737720459 92.08254109096946
U 54 40192224 8.021757579633691 92.02665312303256
U 55 40330749 8.049406789517827 91.9768937796634
U 56 42592270 8.500772779008106 91.68625974931591
U 57 42731080 8.52847809142265 91.63663659254631
D 58 42899463 8.55714801483438 91.58093680642342
D 59 43036834 8.584548388610875 91.52630675604291
D 60 45856261 9.146940495802143 91.0312662751271
D 61 45994051 9.174423629082101 90.97685970564659
U 62 46111715 9.203200086805015 90.92143918487659
U 63 46251181 9.231033627078517 90.8721234310585
U 64 48507641 9.681391095316265 90.58701206328372
U 65 48647388 9.709280858474306 90.53783053375706
D 66 48820058 9.738128610187733 90.48259583366956
D 67 48958261 9.765695108296697 90.42841266108486
D 68 51776228 10.32779466465839 89.94062644097475
D 69 51914837 10.355444255137934 89.88666424800559
U 70 52030003 10.38439912193992 89.83170598209652
U 71 52170390 10.412418071136374 89.7828290126644
U 72 54421790 10.861764452996375 89.50313576550191
U 73 54562454 10.889839745493793 89.45439108790228
D 74 54739432 10.918866119277329 89.39961631808384
D 75 54878478 10.946599412575202 89.34587503247765
D 76 57694991 11.508407542587134 88.86522011657289
D 77 57834434 11.536224262561854 88.8116973453917
U 78 57947087 11.565358336299695 88.75719621916018
U 79 58088397 11.593563783407395 88.70875329946631
U 80 60334729 12.04189644742274 88.43437582434004
U 81 60476338 12.070158358306875 88.38606329484605
D 82 60657619 12.099364152512365 88.33174337588397
D 83 60797497 12.12726491477698 88.27843905933807
D 84 63612549 12.688782706858829 87.8047949427772
D 85 63752842 12.716767231552804 87.75170671238499
U 86 63862975 12.746081314700803 87.69765768664098
U 87 64005231 12.774474359315438 87.64964415335743
U 88 66246466 13.221790608037221 87.38048223092756
U 89 66389022 13.25024023696286 87.33259721599815
D 90 66574606 13.279626254561517 87.27872714341594
D 91 66715331 13.307695162503794 87.22585495062208
D 92 69528934 13.868923669739914 86.75910352257605
D 93 69670073 13.897076677314146 86.70644502294692
U 94 69777704 13.926571577004012 86.65284313288538
U 95 69920908 13.955153329493506 86.6052543911362
U 96 72157036 14.401450399811683 86.34120988864751
U 97 72300534 14.430088857199308 86.29374782345079
D 98 72490447 14.459655905817753 86.24032266589019
D 99 72632010 14.48789363909284 86.1878778224271
D 100 75444167 15.048833879937938 85.72790330953825
D 101 75586153 15.077156051504073 85.6756698017098
U 102 75691284 15.10683257956274 85.62251015383427
U 103 75835440 15.135604161221815 85.57534167785528
U 104 78066445 15.580879224667951 85.31631849691523
U 105 78210893 15.609707631865831 85.26927488436779
D 106 78405133 15.639456523822439 85.21628978273705
D 107 78547545 15.667863765040822 85.16426758379309
D 108 81358254 16.22851672400879 84.71095649734856
D 109 81501098 16.257008743638508 84.65914330993863
U 110 81603736 16.28686771662051 84.60642108321846
U 111 81748845 16.315830259839935 84.55966841458385
U 112 83974723 16.760080422866988 84.30557244119355
U 113 84120119 16.789099912316367 84.25894285062721
D 114 84318681 16.81903146465848 84.20639301662221
D 115 84461958 16.847608899397727 84.1547888257308
D 116 87271222 17.407975527727302 83.70802990843639
D 117 87414929 17.43663808246533 83.65663243800036
U 118 87515069 17.46668032169367 83.60434288375045
U 119 87661141 17.495834970128776 83.55800162806186
U 120 89881867 17.939057274347814 83.30874068497253
U 121 90028225 17.968268989752122 83.26252075092951
D 122 90231120 17.99838402429388 83.21040146577587
D 123 90375250 18.02713234111008 83.15921071354914
D 124 93183097 18.58721355741499 82.7188948867499
D 125 93327647 18.616047337291352 82.6679085985374
U 126 93425296 18.646273668894562 82.61604703256509
U 127 93572342 18.675621577637497 82.5701128623236
U 128 95787905 19.117813000042602 82.32559666720512
U 129 95935233 19.147218096539365 82.27978208828414
D 130 96142464 19.177517439899248 82.22808870145208
D 131 96287432 19.206437330339003 82.17730688436971
D 132 99093865 19.766234021240194 81.74332719987191
D 133 99239274 19.795239719279678 81.69274762325468
U 134 99334454 19.825650974231667 81.6413094312136
U 135 99482467 19.85519330998715 81.59577808089033
U 136 101692846 20.296350763149945 81.3559181976068
U 137 101841164 20.3259504074876 81.31050473533216
D 138 102052702 20.356434891127602 81.25923266330648
D 139 102198569 20.38552704973948 81.20885534253257
D 140 105003555 20.94504007048182 80.78110693570703
D 141 105149844 20.974218382717385 80.73092966119556
U 142 105242538 21.004815396874243 80.67991029542752
U 143 105391543 21.034553338140313 80.6347775624222
U 144 107596723 21.47467367038301 80.39948736195386
U 145 107746008 21.50446904109986 80.35447083965676
D 146 107961901 21.535139501364192 80.30361556472585
D 147 108108624 21.564404625710377 80.2536383649389
D 148 110912203 22.123634800759284 79.83201840208775
D 149 111059346 22.152986426242414 79.78223908830729
U 150 111149576 22.18377004038511 79.73163406560035
U 151 111299569 22.213704777633836 79.68689580721984
U 152 113499522 22.652784773169515 79.45609042115619
U 153 113649805 22.68277706077793 79.41146672284927
D 154 113870029 22.713634338932646 79.36102379192836
D 155 114017620 22.74307312960128 79.31144240020406
D 156 116819791 23.30202125322626 78.89585003742101
D 157 116967806 23.331546894042773 78.84646440020629
U 158 117055582 23.36251795391339 78.79626930193398
U 159 117206559 23.392650689785178 78.7519214367122
U 160 119401293 23.83068706883728 78.52551771981786
U 161 119552560 23.860877476011215 78.48128278913214
D 162 119777130 23.891922418284604 78.43124781261017
D 163 119925590 23.92153557890159 78.38205797729674
D 164 122726351 24.480202415744362 77.97239431289455
D 165 122875243 24.509902777020265 77.92339813222375
U 166 122960556 24.541062133366886 77.87360860228098
U 167 123112534 24.571394082854212 77.82964710706823
U 168 125302029 25.00838350175805 77.60756359302495
U 169 125454285 25.038773243525043 77.56371343214828
D 170 125683210 25.0700067011483 77.51408208279801
D 171 125832552 25.099794938389543 77.46527961240409
D 172 128631908 25.65818122401362 77.06144764434961
D 173 128781680 25.688057013933825 77.01283675727205
U 174 128864526 25.719405522549504 76.96344850121706
U 175 129017505 25.749937913196472 76.91986941261533
U 176 131201737 26.18587696446478 76.70202627883019
U 177 131355010 26.216467268401523 76.65855694749172
D 178 131588289 26.247890097650153 76.60932495932946
D 179 131738499 26.277854121253807 76.56090572148848
D 180 134536443 26.835960562684946 76.16281030468708
D 181 134687104 26.866012492500676 76.11458060883275
U 182 134767513 26.897551014265346 76.06558939305522
U 183 134921494 26.928285086369343 76.02238880228786
U 184 137100451 27.363170298741313 75.80870783040729
U 185 137254724 27.39396240517417 75.76561544474622
D 186 137492360 27.425575467409487 75.7167786121452
D 187 137643467 27.455715990188597 75.66873853190395
D 188 140440020 28.01354326643779 75.27628633648737
D 189 140591563 28.04377205048174 75.22843378520942
U 190 140669520 28.07550145140411 75.17983543660148
U 191 140824522 28.10643845821842 75.13700949291251
U 192 142998174 28.540266296683754 74.92741403155247
U 193 143153474 28.571261458893257 74.88469476356582
D 194 143395463 28.60306562060566 74.83624893928186
D 195 143547461 28.633383358459206 74.78858400028446
D 196 146342605 29.190932121029203 74.4016834703779
D 197 146495038 29.22133847672633 74.35420407542885
U 198 146570554 29.25325962799025 74.30599447724823
U 199 146726587 29.284400835933987 74.26353938353003
U 200 148894916 29.717167701729778 74.05795431563985
U 201 149051236 29.74836718615935 74.01560439184286
D 202 149297593 29.780363319009986 73.9675454875829
D 203 149450485 29.810858990937014 73.92025172832965
D 204 152244236 30.368129864324015 73.5388130435829
D 205 152397571 30.39871451220523 73.49170287163946
U 206 152470648 30.43082829020779 73.44387796627048
U 207 152627708 30.46217497907906 73.4017899802858
U 208 154790702 30.893877209671903 73.20014168259793
U 209 154948054 30.92528229614222 73.1581573831205
D 210 155198788 30.957471277007635 73.11048136719306
D 211 155352559 30.98814560511906 73.0635548818299
D 212 158144943 31.545139187291255 72.68748991923917
D 213 158299156 31.575902851005054 72.64074509096532
U 214 158369796 31.608210137406594 72.59330087723299
U 215 158527885 31.639763600601565 72.55157630939014
U 216 160685538 32.0703974696326 72.35379262200031
U 217 160843931 32.102009451560086 72.31217027967631
D 218 161099024 32.13439216257622 72.26487317673136
D 219 161253715 32.165245872108066 72.21831011292245
D 220 164044694 32.72196273497985 71.84753240970252
D 221 164199816 32.752906141307086 71.80114909906108
U 222 164268029 32.785407823070365 71.75408163160813
U 223 164427169 32.81716936780628 71.7127168448108
U 224 166579449 33.24673108502471 71.51872703848588
U 225 166738885 33.278551269644446 71.47746303806898
D 226 166998344 33.31112859825102 71.43054092770781
D 227 167153929 33.3421624175764 71.38433748630992
D 228 169943534 33.8986031074665 71.01876220263047
D 229 170099561 33.92972698633028 70.9727366370376
U 230 170165358 33.962423955770845 70.92604202460865
U 231 170325534 33.994394903314614 70.88503343245166
U 232 172472425 34.4228806144838 70.69476817420389
U 233 172632909 34.4549103230785 70.65385895132589
D 234 172896752 34.48768316206481 70.60730796759837
D 235 173053245 34.51889782270729 70.56146040246215
D 236 175841460 35.075062860783525 70.20100428548
D 237 175998399 35.10636794526386 70.15533274436771
U 238 176061781 35.139261100094124 70.10900714911219
U 239 176223025 35.171442785996575 70.0683512174287
U 240 178364496 35.59884857277757 69.88174253895797
U 241 178526034 35.63108914091082 69.84118457937858
D 242 178794264 35.66405838846196 69.79500090893472
D 243 178951673 35.695454625108674 69.7495055246119
D 244 181738502 36.251344507826964 69.3940868746691
D 245 181896359 36.28283153417441 69.34876568889243
U 246 181957312 36.31592177754732 69.30280532603759
U 247 182119623 36.348315551881846 69.2624985680385
U 248 184255661 36.774637431688426 69.07947983704756
U 249 184418279 36.80709020944415 69.03926967577806
D 250 184690891 36.840256769187306 68.99344955774026
D 251 184849202 36.87183531970179 68.94830270966136
D 252 187634661 37.427450519228685 68.59784134829341
D 253 187793428 37.45912022687556 68.55286689715405
U 254 187851982 37.49240846743822 68.50726803413637
U 255 188015363 37.52501569504418 68.46730701270315
U 256 190145970 37.95024962088258 68.28781290154724
U 257 190309627 37.982915973109186 68.24794712202166
D 258 190586639 38.01628075416086 68.20248684730954
D 259 190745867 38.04804235959615 68.15768493961035
D 260 193529947 38.603383324224176 67.81210217301688
D 261 193689647 38.63523645579982 67.76747088478497
U 262 193745802 38.668723607736936 67.72222983973003
U 263 193910254 38.70154566846819 67.6826111681493
U 264 196035377 39.1256875287512 67.5065776239362
U 265 196200123 39.1585688353115 67.46705285720206
D 266 196481530 39.192132752325946 67.42194876709861
D 267 196641682 39.224078156938006 67.37748825381102
D 268 199424389 39.779145311484264 67.03670684264183
D 269 199585004 39.81118261282571 66.99241519663228
U 270 199638774 39.84486959590845 66.94752833686603
U 271 199804301 39.87790788489804 66.90824867121779
U 272 201923926 40.300953503232314 66.73561289102031
U 273 202089757 40.33405115925942 66.69642581494443
D 274 202375564 40.36781513247684 66.65167430040441
D 275 202536635 40.39994508373772 66.60755168304662
D 276 205317970 40.95473882994101 66.27149581013184
D 277 205479529 40.986961050110146 66.22754033161931
U 278 205530883 41.02084878974726 66.18300407491616
U 279 205697517 41.05410471765643 66.14406012051715
U 280 207811625 41.47604985261274 65.97476051904128
U 281 207978553 41.50936526877201 65.9359078575347
D 282 208268767 41.543330224068164 65.89150535836364
D 283 208430769 41.57564547267966 65.84771718558031
D 284 211210743 42.130166189582205 65.51631242972006
D 285 211373211 42.16257408087577 65.47268968939677
U 286 211422195 42.19666350816132 65.42850050104398
U 287 211589916 42.23013850145685 65.38988900843209
U 288 213698495 42.65097884630925 65.22386519290724
U 289 213866518 42.684513449066074 65.18534371516064
D 290 214161137 42.71868031800217 65.14128671919568
D 291 214324076 42.75118161790929 65.09782958596523
D 292 217102675 43.305429662230445 64.77100288541631
D 293 217266083 43.33802398019418 64.72770950136182
U 294 217312689 43.37231603196178 64.68386389547551
U 295 217481520 43.40601153318524 64.64558165947905
U 296 219584532 43.82574271563272 64.48277440492545
U 297 219753660 43.85949794752668 64.44458092466746
D 298 220052693 43.89386766740005 64.40086596697317
D 299 220216559 43.926555775804594 64.35773651382569
D 300 222993806 44.48053148230352 64.03541614102795
D 301 223158145 44.513312985748705 63.99244877786994
U 302 223202366 44.547808604618 63.94894331372457
U 303 223372315 44.5817260726701 63.910987173209875
U 304 225469757 45.0003436545317 63.751338393945126
U 305 225640000 45.0343209744577 63.71346976871269
D 306 225943432 45.06889448835339 63.67009343078909
D 307 226108248 45.1017701657278 63.627288343049536
D 308 228884133 45.65547384755985 63.30940387833698
D 309 229049411 45.68844329857374 63.26675924039981
U 310 229091273 45.723143433007415 63.22359052568898
U 311 229262341 45.75728434343207 63.185957363143515
U 312 231354170 46.17478382032232 63.0294100915214
U 313 231525535 46.208984703816895 62.99186322194609
D 314 231833396 46.24376296065941 62.94882213095581
D 315 231999155 46.27682697076023 62.90633813799434
D 316 234773667 46.83025891982175 62.59282043686827
D 317 234939894 46.86341708378293 62.550495277048945
U 318 234979395 46.89832268813654 62.507659961697726
U 319 235151572 46.932688533416574 62.47034670493493
U 320 237237798 47.349065334390005 62.31684506037883
U 321 237410281 47.38349127392637 62.27961688953381
D 322 237722573 47.41847522853297 62.23690771778091
D 323 237889276 47.4517283384151 62.194741592464034
D 324 240662436 48.0048888256817 61.88552276271278
D 325 240829611 48.038236471273606 61.843513874442195
U 326 240866738 48.07334850584981 61.801008655848484
U 327 241040061 48.10794079570761 61.7640122691238
U 328 243120628 48.523190282885984 61.613501443645134
U 329 243294249 48.55784278817512 61.576588956210436
D 330 243610967 48.59303340130908 61.53420841971749
D 331 243778634 48.626476381339714 61.49235697713539
D 332 246550414 49.179365657194765 61.18737035017491
D 333 246718567 49.212903556419185 61.145674570849756
U 334 246753328 49.24822298752349 61.103496187156594
U 335 246927797 49.28304324923206 61.066813680437356
U 336 249002689 49.697160717402056 60.919239906695644
U 337 249177456 49.732041315701586 60.882640128437615
D 338 249498606 49.76743955412725 60.84058498657419
D 339 249667220 49.80107317800041 60.79904508372268
D 340 252437650 50.35369147255588 60.498225190971574
D 341 252606743 50.387420400749264 60.45683939872343
U 342 252639172 50.42294820074295 60.41498463358195
U 343 252814799 50.457997979438794 60.378613055374295
U 344 254883986 50.870978655629195 60.2339235901449
U 345 255059910 50.90608889205874 60.19763358720643
D 346 255385493 50.941695728595306 60.155900642931385
D 347 255555062 50.975520773344904 60.11466917855668
D 348 258324131 51.527868296752324 59.81795172432906
D 349 258494196 51.561789032598824 59.77687283702942
U 350 258524285 51.597526179956716 59.735338515122805
U 351 258701061 51.63280703896292 59.699274956617366
U 352 260764530 52.044646081994145 59.55741805356131
U 353 260941608 52.07998751985961 59.521434931817936
D 354 261271641 52.11580393343874 59.48002102923493
D 355 261442178 52.14982117945423 59.43909494207524
D 356 264209892 52.701898122214295 59.14641678024955
D 357 264380917 52.736011447758194 59.10564175637793
U 358 264408653 52.771958927125105 59.064424746511285
U 359 264586602 52.8074724482896 59.02866633348838
U 360 266644338 53.218164948298664 58.889591228828785
U 361 266822570 53.2537391694239 58.85391213325632
D 362 267157054 53.28976614514535 58.81281415794485
D 363 267328559 53.32397637618507 58.7721904270202
D 364 270094926 53.87578290944254 58.48348953889512
D 365 270266912 53.910089610105956 58.443015378179254
U 366 270292328 53.946248412352574 58.40211258501126
U 367 270471433 53.98199619637803 58.36665648809605
U 368 272523397 54.3915371743232 58.230313369900344
U 369 272702819 54.42734577938984 58.19493548395678
D 370 273041742 54.463584308579065 58.15415036256025
D 371 273214218 54.49798831178551 58.11382600562432
D 372 275979224 55.04952458761957 57.82904147340487
D 373 276152187 55.08402545221399 57.78886521109389
U 374 276175273 55.12039657449735 57.748273584858836
U 375 276355566 55.15638024129889 57.71311700846504
U 376 278401744 55.56476464842649 57.57945700463606
U 377 278582343 55.6008092573226 57.54437754965329
D 378 278925722 55.63726033758964 57.50390224869475
D 379 279099176 55.67185890350357 57.4638743220244
D 380 281862833 56.22312505521072 57.18294630671998
D 381 282036773 56.2578208759555 57.14306502055059
U 382 282057536 56.294405321776885 57.102781548801296
U 383 282239014 56.33062651083359 57.06792173606346
U 384 284279347 56.73784922813188 56.93689689034238
U 385 284461153 56.77413148030895 56.90211312493219
D 386 284808996 56.810796115607005 56.86194465014599
D 387 284983430 56.84559003818229 56.82221024856666
D 388 287745734 57.396586180553875 56.54507997059892
D 389 287920652 57.43147775308672 56.505490772463425
U 390 287939097 57.46827653235259 56.46551248159886
U 391 288121776 57.504736903077045 56.430946713005575
U 392 290156278 57.910792740694475 56.3025099664098
U 393 290339266 57.947314295533374 56.26801918588456
D 394 290691579 57.98419349621928 56.22815458187867
D 395 290866986 58.01918357283741 56.188710837304605
D 396 293627937 58.56990980242892 55.9153205511683
D 397 293803844 58.60499792582282 55.87602059187516
U 398 293819989 58.642012054905194 55.83634454733981
U 399 294003864 58.67871328701576 55.80207013927032
U 400 296032503 59.08359698365885 55.676175310567984
U 401 296216688 59.12035952084544 55.64197484637217
D 402 296573471 59.15745430374055 55.60241119582026
D 403 296749878 59.19264133522595 55.56325527688747
D 404 299509473 59.74309773061982 55.29354825262486
D 405 299686362 59.77838320739775 55.25453471893723
U 406 299700193 59.815613709196015 55.21515802384565
U 407 299885296 59.852557503103604 55.18117232853293
U 408 301908026 60.25626372540134 55.05777409586917
U 409 302093439 60.293268945311596 55.023861315015324
D 410 302454687 60.330580333763386 54.984595738099166
D 411 302632092 60.36596512439824 54.94572484960165
D 412 305390334 60.916151746460635 54.67964535018267
D 413 305568223 60.95163538261126 54.64091546475165
U 414 305579756 60.98908328661496 54.601835259711315
U 415 305766081 61.0262713638188 54.568135664500126
U 416 307782878 61.42879470566475 54.44718954803731
U 417 307969519 61.46604432975924 54.41356185249261
D 418 308335237 61.50357335370426 54.37459150629827
D 419 308513638 61.539156711243486 54.33600288896056
D 420 311270534 62.08907360337609 54.07349615232471
D 421 311449413 62.12475620836748 54.03504717298266
U 422 311458650 62.162422550719896 53.99626063374778
U 423 311646198 62.19985665420962 53.96284456197886
U 424 313657047 62.601191636071 53.84430690436818
U 425 313844922 62.638687407300225 53.8109617307303
D 426 314215150 62.67643510332726 53.77228380872403
D 427 314394529 62.71221783901447 53.73397473721685
D 428 317150071 63.26186502739302 53.47498695446875
D 429 317329962 63.29774741418909 53.43681617362976
U 430 317336908 63.33563323775283 53.39832051366245
U 431 317525700 63.373315132427436 53.365185421254004
U 432 319530567 63.773456200626114 53.249013372391204
U 433 319719676 63.81119988384641 53.21594819108328
D 434 320094389 63.84916729526206 53.177559922390564
D 435 320274791 63.88515022384363 53.139527706945046
D 436 323028980 64.43452771766532 52.884006004175426
D 437 323209863 64.47061070274107 52.84611074930034
U 438 323214523 64.50871705716155 52.80790321751092
U 439 323404578 64.54664853025345 52.775046594239335
U 440 325403438 64.94559005622274 52.661198093132505
U 441 325593793 64.98358343862178 52.62841040806278
D 442 325973007 65.02177161551501 52.59030905704445
D 443 326154400 65.057955555256 52.55255104143191
D 444 328907234 65.607063346967 52.30044346173608
D 445 329089148 65.64334775032302 52.2628210927271
U 446 329091515 65.68167569209682 52.224898971011186
U 447 329282828 65.71985855361055 52.192318341160636
U 448 331275648 66.11759483311569 52.08075209950694
U 449 331467268 66.15583972465082 52.0482394475149
D 450 331850970 66.19424972395953 52.01042231316558
D 451 332033388 66.23063549665939 51.972935874543
D 452 334784869 66.7794735621816 51.72419135751642
D 453 334967788 66.81596020736025 51.686839268996984
U 454 334967889 66.85451079990084 51.64919987555373
U 455 335160467 66.89294688306164 51.616892794772575
U 456 337147207 67.28947213539128 51.507568281201365
U 457 337340108 67.32797036923824 51.47532823156581
D 458 337728321 67.36660325481668 51.437792646974216
D 459 337911741 67.40319168582417 51.40057519535557
D 460 340661879 67.95175998477865 51.15514356068024
D 461 340845818 67.98844969887976 51.118059178195274
U 462 340843654 68.02722401258775 51.08069986448441
U 463 341037510 68.06591517430297 51.04866392074914
U 464 343018159 68.46122354143377 50.94154134551685
U 465 343212340 68.49997697444837 50.909571499466345
D 466 343605048 68.53883381713572 50.87231483129379
D 467 343789510 68.57562573536576 50.83536380903455
D 468 346538280 69.12392421128828 50.59319573860774
D 469 346723242 69.16081782498455 50.55637652055866
U 470 346718812 69.19981693731548 50.5192946710383
U 471 346913951 69.2387650586498 50.48752748446169
U 472 348888487 69.6328506043688 50.38256778281464
U 473 349083952 69.67186111756037 50.35086577305702
D 474 349481176 69.71094299525116 50.31388542099621
D 475 349666639 69.74793923319938 50.27719830230069
D 476 352414068 70.29596781375143 50.03824532258142
D 477 352600052 70.33306616130481 50.00168875881427
U 478 352593375 70.37229115684242 49.964881790732754
U 479 352789821 70.41149814349987 49.93338101229319
U 480 354758197 70.80435485250597 49.830545830820256
U 481 354954947 70.84362435152394 49.79910932106218
D 482 355356692 70.88293234923736 49.76240271734611
D 483 355543189 70.92013374299671 49.72597700775603
D 484 358289275 71.4678923401713 49.49019147434965
D 485 358476281 71.50519625944852 49.453895085933105
U 486 358467358 71.54464822997173 49.41736044937053
U 487 358665113 71.58411601280274 49.38612376092909
U 488 360627285 71.97573778976503 49.28537544261052
U 489 360825347 72.01526820539752 49.25420212714522
D 490 361231621 72.0548034153487 49.21776673602892
D 491 361419155 72.09221080462527 49.18159997197198
D 492 364163883 72.63969931494982 48.94893505195648
D 493 364351929 72.67720964743884 48.912896391063505
U 494 364340751 72.71688969199795 48.876631567574144
U 495 364539827 72.75662022750323 48.845656680948956
U 496 366495787 73.14700089609384 48.74695824854163
U 497 366695166 73.18679418478247 48.71604585168212
D 498 367105972 73.2265577064565 48.67987916896898
D 499 367294535 73.26417193458597 48.64396891720895
D 500 370037909 73.81139023931605 48.414378574478654
D 501 370226989 73.84910783014088 48.37859522166503
U 502 370213590 73.8890170551324 48.34259772333247
U 503 370413980 73.92901232599698 48.311882381413284
U 504 372363690 74.3181456278802 48.21519752812605
U 505 372564398 74.35820377224623 48.18454380389413
D 506 372979727 74.39819671247068 48.1486433564249
D 507 373169342 74.43601862643409 48.112987213665605
D 508 375911353 74.98296659174657 47.88642619023955
D 509 376101496 75.02089228968566 47.85089575845485
U 510 376085847 75.06103180892278 47.81516312915761
U 511 376287569 75.10129382455922 47.784705101940574
U 512 378231002 75.48917341834618 47.68999817399632
U 513 378433050 75.52949842773333 47.659600905634385
D 514 378852939 75.56972190075413 47.62396425083267
D 515 379043590 75.60775235119418 47.58855984323987
D 516 381784236 76.15442982837433 47.36498364834377
D 517 381975421 76.19256448587531 47.32970377689407
U 518 381957551 76.23293542066845 47.2942335903622
U 519 382160628 76.2734662177661 47.26403068038132
U 520 384097751 76.66008567794108 47.171266665061964
U 521 384301142 76.70067958897182 47.14112366461908
D 522 384725572 76.74113471652797 47.10574839002733
D 523 384917267 76.77937455776558 47.07059337275925
D 524 387656561 77.32578138338876 46.84995826474547
D 525 387848788 77.36412585658526 46.814926624850216
U 526 387828709 77.4047293358141 46.7797164835829
U 527 388033150 77.44553097892152 46.74976651896868
U 528 389963926 77.83088379471549 46.6589110308447
U 529 390168672 77.87174867186518 46.629020138858934
D 530 390597644 77.91243658326721 46.59390386180638
D 531 390790393 77.95088667331765 46.55899591872754
D 532 393528333 78.49702266942688 46.34125889215834
D 533 393721630 78.53557781815644 46.30647317963347
U 534 393699327 78.57641497835587 46.27152071929771
U 535 393905130 78.61748956045898 46.24182155559415
U 536 395829507 79.00156913470488 46.152840825105606
U 537 396035641 79.04270707088952 46.12319990989211
D 538 396469170 79.08362890309684 46.088340276642334
D 539 396662985 79.12229010368851 46.05367711947351
D 540 399399561 79.66815507797097 45.838795888518376
D 541 399593912 79.7069217657901 45.80425382986507
U 542 399569409 79.74799375122174 45.76955671221767
U 543 399776588 79.7893433943633 45.74010623555749
U 544 401694569 80.17214304227913 45.652967095461605
U 545 401902064 80.21355615946186 45.62357405302895
D 546 402340153 80.25471305716344 45.588968738743546
D 547 402535038 80.29358623375123 45.55454810704421
D 548 405270248 80.83917997970627 45.34248109607294
D 549 405465663 80.87815907390765 45.30818044396495
U 550 405438958 80.91946703664583 45.27373635783824
U 551 405647533 80.96109389253765 45.24453248066113
U 552 407559062 81.34260684050197 45.159202354575434
U 553 407767947 81.38429729031618 45.1300551081288
D 554 408210597 81.42569040600996 45.09570181631012
D 555 408406556 81.46477642779433 45.06152147693435
D 556 411140406 82.01009872490013 44.85222780139662
D 557 411336898 82.0492910965282 44.818166337504465
U 558 411307991 82.09083619653873 44.78397300242205
U 559 411517956 82.13274244720682 44.75501366376641
U 560 413423008 82.5129618314765 44.67146055211095
U 561 413633292 82.55493179586789 44.64255705166776
D 562 414080511 82.59656228994378 44.60845351372484
D 563 414277553 82.63586202988726 44.57451126038465
D 564 417010037 83.18091264375977 44.36795071668824
D 565 417207608 83.22031916763211 44.33412624738605
U 566 417176501 83.26210257285848 44.30018141018617
U 567 417387875 83.30429043130339 44.27146457571074
U 568 419286410 83.68320929667894 44.18965704800463
U 569 419498106 83.72546098856424 44.160995270016656
D 570 419949918 83.76733002938751 44.12713924485272
D 571 420148012 83.80684436423111 44.0934328977387
D 572 422879143 84.35162304678602 43.88956595009035
D 573 423077778 84.3912446015053 43.85597630863265
U 574 423044502 84.4332674879508 43.82227774236862
U 575 423257305 84.4757391988266 43.79380140521413
U 576 425149289 84.85335049729278 43.71370858461587
U 577 425362417 84.89588616123991 43.68528653159908
D 578 425818806 84.93799492523449 43.651675805197314
D 579 426017981 84.97772473551638 43.61820321057075
D 580 428747753 85.52223122512122 43.41699097772315
D 581 428947459 85.56206869309406 43.383634023453894
U 582 428912014 85.60433224491017 43.35017952821359
U 583 429126243 85.64709008522449 43.32194170575823
U 584 431011637 86.0233866745217 43.243533261446984
U 585 431226199 86.0662085874496 43.21534896162296
D 586 431687178 86.10855825918532 43.18198134664674
D 587 431887433 86.14850442925673 43.148740376463046
D 588 434615838 86.69273845088009 42.950144617693795
D 589 434816642 86.73279271833759 42.917018234022606
U 590 434779023 86.77529812790951 42.883805640019474
U 591 434994695 86.81834440774244 42.855804374703325
U 592 436873468 87.19331904991014 42.77905050920323
U 593 437089478 87.23642952180785 42.75110201614466
D 594 437555039 87.27902129408761 42.71797535149436
D 595 437756392 87.31918471213024 42.6849639027827
D 596 440483427 87.86314597749036 42.48894700899292
D 597 440685327 87.90341793450172 42.45604910747803
U 598 440645539 87.94616640253655 42.42307626379237
U 599 440862684 87.98950346578727 42.39530962580379
U 600 442734782 88.36314882564344 42.32018106412649
U 601 442952248 88.40655020031369 42.29246645641094
D 602 443422421 88.44938527426153 42.25957860699527
D 603 443624863 88.48976683230605 42.226794602156176
D 604 446350531 89.03345504001346 42.033319581578645
D 605 446553516 89.07394558050431 42.00064809534419
U 606 446511569 89.11693831612364 41.96791288295653
U 607 446730181 89.1605685412657 41.94037896458298
U 608 448595592 89.53287718484508 41.86684694403155
U 609 448814524 89.57657184066784 41.839364324903286
D 610 449289295 89.61965142581921 41.80671318108699
D 611 449492841 89.6602520197628 41.77415456685815
D 612 452217138 90.20366685546001 41.58318503310118
D 613 452421235 90.24437687723248 41.55073792207458
U 614 452377134 90.28761509806029 41.51823824364445
U 615 452597214 90.33154089894 41.490935163132534
U 616 454455902 90.70250529187226 41.41897142560446
U 617 454676315 90.74649564259164 41.391718922635405
D 618 455155720 90.78982095698474 41.35930239993241
D 619 455360343 90.83064148660759 41.326967147250926
D 620 458083260 91.37378262310835 41.13846730823962
D 621 458288461 91.41471302785219 41.106242555289995
U 622 458242220 91.45819796011284 41.07397634132523
U 623 458463805 91.50242178675079 41.04690224114555
U 624 460315711 91.87203429259073 40.97647901723706
U 625 460537610 91.91632278812865 40.949454782006036
D 626 461021630 91.9598950583984 40.917270820708836
D 627 461227373 92.00093642738264 40.88515692434524
D 628 463948929 92.54380352479956 40.69909157392598
D 629 464155233 92.58495521812065 40.667087184658115
U 630 464106838 92.62868809672744 40.6350523886582
U 631 464329934 92.67321243616497 40.60820543427571
U 632 466175026 93.04146531465318 40.53929543895909
U 633 466398430 93.08605444194654 40.51249764673226
D 634 466887073 93.12987490341808 40.48054421158249
D 635 467093932 93.17113801936657 40.448649689996735
D 636 469814115 93.71373072524459 40.26498419245975
D 637 470021529 93.7551046166754 40.233198197016016
U 638 469971012 93.79908668533155 40.20139279646137
U 639 470195620 93.84391406248886 40.17477117824512
U 640 472033864 94.21079946777644 40.10734760210091
U 641 472258795 94.25569175163729 40.0807744515112
D 642 472752056 94.29976164842128 40.04904953124246
D 643 472960031 94.341247422873 40.017372425652724
D 644 475678834 94.88356537231843 39.83607270739585
D 645 475887369 94.92516237533616 39.80450315966846
U 646 475834730 94.96939488662863 39.772925156581756
U 647 476060862 95.01452786519715 39.74652708503845
U 648 477892212 95.38003784398602 39.68056358130286
U 649 478118671 95.42523584799493 39.654213294048816
D 650 478616569 95.46955643308637 39.62271490114582
D 651 478825672 95.5112657815369 39.59125327577546
D 652 481543087 96.05330859733922 39.41228581682873
D 653 481752753 96.09512962938706 39.380930790789236
U 654 481697997 96.13961384488746 39.349578209886985
U 655 481925676 96.18505502824279 39.3234019231102
U 656 483750087 96.54918151788355 39.25887259702107
U 657 483978100 96.59468784530729 39.2327434175597
D 658 484480636 96.63926038068375 39.20146958787998
D 659 484690868 96.68119422260334 39.170221529437775
D 660 487406893 97.22296151535369 38.99355334721905
D 661 487617692 97.2650074978584 38.9624109417836
U 662 487560812 97.30974468822366 38.931281832555484
U 663 487790053 97.35549672038424 38.905325587106915
U 664 489607499 97.71823154688826 38.84220499342647
U 665 489837063 97.76404884162784 38.81629518868338
D 666 490344245 97.80887459835142 38.785243981122385
D 667 490555606 97.85103385720282 38.754207598466095
D 668 493270257 98.39252522541344 38.579806244196064
D 669 493482177 98.43479708380387 38.54887457838647
U 670 493423199 98.47978852887906 38.51796701206957
U 671 493654011 98.52585409547487 38.492229089365324
U 672 495464438 98.88718897147406 38.43049221744344
U 673 495695578 98.93331991904405 38.404800076522925
D 674 496207422 98.97840017736308 38.37396957267269
D 675 496419916 99.02078578062094 38.34314299650449
D 676 499133184 99.56200081084165 38.170976543356474
D 677 499346237 99.60449947456677 38.14025375829991
U 678 499285167 99.64974646348914 38.109565827386085
U 679 499517555 99.69612829277786 38.084044529459966
U 680 501320923 100.05605481541585 38.02366680044463
U 681 501553651 100.10250214395265 37.998190634341846
D 682 502070153 100.14783819340484 37.96757893818848
D 683 502283782 100.1904510725735 37.93696032071994
D 684 504995676 100.73138933950372 37.76699735098659
D 685 505209859 100.77411574204959 37.73648161074581
U 686 505146699 100.81961957335368 37.70601143216368
U 687 505380684 100.86632043726141 37.68070508321156
U 688 507176967 101.22483008600649 37.62166233676187
U 689 507411282 101.2715965673131 37.59640047809051
D 690 507932456 101.31718970683191 37.566005715675146
D 691 508147224 101.36003079746443 37.53559323033557
D 692 510857720 101.90069186406073 37.367802829163445
D 693 511073066 101.94364694297371 37.33749231752093
U 694 511007813 101.98940892469817 37.30723802883038
U 695 511243413 102.03643163989692 37.2821449746547
U 696 513032550 102.39351577427591 37.22441346247259
U 697 513268483 102.44060422490027 37.19936426519232
D 698 513794330 102.48645576292398 37.16918458431094
D 699 514010248 102.52952600464155 37.13897642543329
D 700 516719344 103.06990942222727 36.97332817173128
D 701 516935841 103.11309411913011 36.943221092808066
U 702 516868505 103.1591155689275 36.9131808545658
U 703 517105748 103.20646299795384 36.88829946236491
U 704 518887688 103.56211285521513 36.83185584151237
U 705 519125242 103.60952613756295 36.80701768066061
D 706 519655761 103.65563739214093 36.77705125054731
D 707 519872847 103.69893772865086 36.74704563308091
D 708 522580552 104.23904303701751 36.58350959066191
D 709 522798206 104.28245829762866 36.55360416891667
U 710 522728798 104.3287405428787 36.52377616161979
U 711 522967670 104.37641559527887 36.499104818456864
U 712 524742380 104.73062228797222 36.44392614184257
U 713 524981587 104.77836331145922 36.41929741327598
D 714 525516802 104.8247356103651 36.389542424309646
D 715 525735039 104.86826698948187 36.35973758351511
D 716 528441347 105.4080937169922 36.198284289642615
D 717 528660152 105.45174049114489 36.168578771765674
U 718 528588690 105.49828486906257 36.13896119706038
U 719 528829211 105.54629050258728 36.114498310388896
U 720 530596656 105.89904501606195 36.06056202039855
U 721 530837514 105.94711673830301 36.03614114053358
D 722 531377406 105.99375141914813 36.00659580393107
D 723 531596813 106.03751479281055 35.97698999510075
D 724 534301720 106.57706245649744 35.817590454060436
D 725 534521699 106.62094169816125 35.788083104663095
U 726 534448179 106.66774955591848 35.75867418514832
U 727 534690373 106.71608877774653 35.73441818648797
U 728 536450488 107.06738196755724 35.68170210414851
U 729 536693021 107.11578739559857 35.65748750972017
D 730 537237623 107.16268580594537 35.62815005726693
D 731 537458192 107.20668213023801 35.59874155519739
D 732 540161695 107.74595023590182 35.44136722894483
D 733 540382844 107.79006290319896 35.41205633351616
U 734 540307280 107.83713559803716 35.38285431211209
U 735 540551146 107.8858114660607 35.35880364940821
U 736 542303902 108.23563405527318 35.30728597240561
U 737 542548117 108.28437624686586 35.28327612021715
D 738 543097424 108.33153974434659 35.25414480394517
D 739 543319170 108.37576997951763 35.22493190362591
D 740 546021267 108.9147580218174 35.069554705272736
D 741 546243582 108.95910507704562 35.04043856654408
U 742 546165965 109.00644397639421 35.01144170597114
U 743 546411559 109.05545960053026 34.9875948485748
U 744 548156889 109.40380217695805 34.93725414158458
U 745 548402815 109.45288424187503 34.913447508246456
D 746 548956825 109.50031419430852 34.88452060003992
D 747 549179741 109.54477930479096 34.855501614795834
D 748 551880445 110.08348676734207 34.7020938971928
D 749 552103942 110.1280691769912 34.673170839647504
U 750 552024296 110.17567565859112 34.644377423449114
U 751 552271591 110.22503420214477 34.62073285916464
U 752 554009465 110.57188721546227 34.57154804634903
U 753 554257112 110.62131231686273 34.54794312808193
D 754 554815846 110.66901010237618 34.519218919789914
D 755 555039942 110.71371105680592 34.49039218236235
D 756 557739228 111.25213741226445 34.3389267334782
D 757 557963922 111.29695614703814 34.31019509794799
U 758 557882215 111.34483159906209 34.28160342862746
U 759 558131266 111.39453628013801 34.25815966649552
U 760 559861634 111.73989003890547 34.210110023338835
U 761 560110985 111.7896613947483 34.18670533573141
D 762 560674458 111.83762840190104 34.15818213850365
D 763 560899754 111.88256617313884 34.129546000172056
D 764 563597629 112.42071088329006 33.97999603337534
D 765 563823498 112.46576691812542 33.95145418144301
U 766 563739796 112.51391273930643 33.92306257939808
U 767 563990585 112.5639668322777 33.8998181470856
U 768 565713381 112.90781150084449 33.85288329721529
U 769 565964507 112.95793238535019 33.829677374999946
D 770 566532702 113.00617001325753 33.801353519149245
D 771 566759178 113.0513455784072 33.772906349592986
D 772 569455642 113.58920809425155 33.625245496167956
D 773 569682709 113.6345024083404 33.596891806336615
U 774 569596987 113.68292000809346 33.56869861348553
U 775 569849542 113.73332684511277 33.54565205692695
U 776 571564735 114.07565244042378 33.49981196151815
U 777 571817627 114.12612618559137 33.476803358351354
D 778 572390563 114.17463584405331 33.44867719309011
D 779 572618236 114.22005018448338 33.42041738013257
D 780 575313279 114.75762994632126 33.27461968343538
D 781 575541556 114.80316352312705 33.246452551378816
U 782 575453815 114.85185432168524 33.218456126692004
U 783 575708167 114.90261729425765 33.195606012046845
U 784 577415697 115.24341368253295 33.15084096720853
U 785 577670371 115.29424367971089 33.12802825545559
D 786 578248041 115.3430267893394 33.100098148636
D 787 578476921 115.38868089070263 33.0720240979937
D 788 581170539 115.92597732821135 32.928064002386655
D 789 581400014 115.97175115549369 32.9000818436381
U 790 581310278 116.02071658403558 32.87228056556187
U 791 581566437 116.07183914464875 32.8496254759713
U 792 583266245 116.41109603793927 32.80591610410459
U 793 583522727 116.4622857394539 32.783297874631856
D 794 584105152 116.51134373180732 32.755562212490915
D 795 584335234 116.55723858406171 32.727672347526926
D 796 587027437 117.09425111637594 32.585524695829406
D 797 587258126 117.14026618620906 32.55772594237679
U 798 587166403 117.18950768699384 32.53011820687812
U 799 587424365 117.24099335080551 32.507656744950026
U 800 589116418 117.57870030343189 32.46498398858484
U 801 589374707 117.63025322427796 32.442558850555365
D 802 589961892 117.6795875419928 32.415016037466145
D 803 590193200 117.72572413942132 32.387308798943764
D 804 592883966 118.26245217521101 32.24694882227488
D 805 593115870 118.30870948400403 32.21933192343021
U 806 593022157 118.35822851050797 32.191916144770836
U 807 593281954 118.41008085709906 32.169646931045655
U 808 594966185 118.74622726194923 32.127992047631075
U 809 595226312 118.79814698154188 32.10575862830665
D 810 595818277 118.84775907847009 32.07840708653139
D 811 596050792 118.8941384197026 32.05088093237471
D 812 598740142 119.43058135724655 31.912284244895872
D 813 598973251 119.4770819057647 31.88484766685982
U 814 598877573 119.5268799228195 31.857622277015835
U 815 599139228 119.57910259801703 31.835543949538128
U 816 600815584 119.9136776827 31.794888505272034
U 817 601077569 119.96596784669468 31.772845449818487
D 818 601674299 120.01585918804265 31.745683619266032
D 819 601908038 120.06248227607556 31.71833702432636
D 820 604595958 120.59863950333362 31.5814796139678
D 821 604830289 120.6453842967205 31.55422184035347
U 822 604732649 120.69546278065668 31.52718528937799
U 823 604996171 120.74805949841615 31.50529650497191
U 824 606664595 121.08105232127886 31.465622367231315
U 825 606928470 121.13371664346171 31.44376833852788
D 826 607529964 121.18388870593208 31.416794676518204
D 827 607764946 121.23075654815109 31.389626132341792
D 828 610451412 121.76662744283603 31.254484358625824
D 829 610686993 121.81361749063247 31.227403888792693
U 830 610587372 121.86397792942175 31.200554642159055
U 831 610852795 121.91695247379491 31.17885407560687
U 832 612513237 122.24835191978168 31.140143410533494
U 833 612778996 122.30139418402871 31.11847708899124
D 834 613385291 122.35184845596277 31.091690070017336
D 835 613621485 122.39896206416212 31.064698084619902
D 836 616306533 122.93454599380684 30.931248666935247
D 837 616543335 122.98178230997542 30.904344017907796
U 838 616441765 123.03242620337478 30.87768056028744
U 839 616709099 123.08578243055003 30.856166901873184
U 840 618361495 123.41557720689634 30.8184021662042
U 841 618629174 123.46900126921537 30.7969222495853
D 842 619240279 123.51973925074111 30.77032036508391
D 843 619477702 123.56709964114603 30.74350346272471
D 844 622161297 124.10239596317417 30.6117234783867
D 845 622399343 124.14987956611644 30.584993181434083
U 846 622295822 124.20080842582281 30.558514013951537
U 847 622565089 124.25455026623733 30.5371859726542
U 848 624209389 124.58272889801133 30.50034990981024
U 849 624479014 124.63653868865804 30.479055113049583
D 850 625094905 124.68756189183755 30.452636871175148
D 851 625333584 124.7351700851256 30.425993592136884
D 852 628015742 125.27017814691271 30.295860468030188
D 853 628255026 125.31791005949209 30.26930307179384
U 854 628149555 125.36912540928908 30.243006711257884
U 855 628420780 125.42325686983676 30.2218630132054
U 856 630056934 125.74980769528678 30.185938644856858
U 857 630328486 125.80400722097164 30.164827699894843
D 858 630949192 125.85531716995456 30.138591625296222
D 859 631189126 125.90317419127736 30.112120525669788
D 860 633869829 126.43789333021714 29.98361203227046
D 861 634110365 126.48587457978365 29.957226100589562
U 862 634002973 126.53737795569754 29.931111081004182
U 863 634276166 126.59190312202357 29.91015046823865
U 864 635904102 126.91681428774987 29.875121094280622
U 865 636177645 126.97140763392754 29.854192749895322
D 866 636803161 127.02300586510427 29.82813738349599
D 867 637044337 127.0711127441084 29.801837034966415
D 868 639723584 127.60554228767323 29.67493128061844
D 869 639965387 127.65377390608236 29.648715392904517
U 870 639856064 127.7055668565406 29.62278026400479
U 871 640131255 127.76048989542215 29.60200149627487
U 872 641750922 128.08374935135782 29.56785068498498
U 873 642026441 128.13874068461433 29.54710370663105
D 874 642656794 128.1906287467741 29.521227605414968
D 875 642899227 128.23898651762377 29.495096595052175
D 876 645577019 128.7731257834262 29.369772020144534
D 877 645820083 128.8216088070593 29.343724771160446
U 878 645708849 128.8736928930507 29.31796809805828
U 879 645986040 128.92901805488572 29.297369951391524
U 880 647597369 129.25061354905972 29.264081536210533
U 881 647874917 129.3060071195972 29.24351470586428
D 882 648510100 129.3581865740887 29.217816442662524
D 883 648753797 129.4067962754873 29.191853372715883
D 884 651430126 129.94064457133615 29.06808874463596
D 885 651674451 129.98938004112642 29.042208743468787
U 886 651561327 130.0417568363636 29.016629108117947
U 887 651840550 130.09748845775465 28.9962103750765
U 888 653443476 130.41740753085975 28.96376844955916
U 889 653723057 130.47320767508236 28.94338056556471
D 890 654363091 130.52568009597618 28.91785872884801
D 891 654608052 130.5745427711893 28.892062216541888
D 892 657282928 131.10809939514766 28.769836621897436
D 893 657528505 131.15708835660087 28.744122494019894
U 894 657413478 131.20975944768622 28.71871849335536
U 895 657694767 131.26590195413627 28.69847798274317
U 896 659289234 131.58413193385834 28.666866895451008
U 897 659570875 131.64034307706865 28.646656772375238
D 898 660215756 131.69311005132312 28.621309966048283
D 899 660461986 131.74222674820084 28.59567864338345
D 900 663135392 132.27549098864174 28.47497148374482
D 901 663382267 132.3247344918578 28.449421868775307
U 902 663265334 132.3777014784526 28.424192115318885
U 903 663548708 132.43425938718332 28.404128651755162
U 904 665134647 132.75078738229124 28.37333300185589
U 905 665418362 132.8074140415031 28.35329947034401
D 906 666068100 132.86047716913575 28.32812631354379
D 907 666315615 132.9098489401331 28.302658827100693
D 908 668987545 133.44282007579167 28.183449815639506
D 909 669235710 133.49231917548784 28.158063366156043
U 910 669116892 133.54558367048895 28.133006487299372
U 911 669402382 133.60256159335972 28.113118912503143
U 912 670979719 133.91737448756234 28.083123544764778
U 913 671265545 133.9744212744293 28.063265451401843
D 914 671920136 134.02778216868708 28.03826457829924
D 915 672168940 134.07741007088907 28.012959589044204
D 916 674839404 134.6100873709165 27.89522874100903
D 917 675088843 134.6598431264501 27.870004126029
U 918 674968147 134.7134067561581 27.845118764241942
U 919 675255772 134.77080940273964 27.825405934599626
U 920 676824446 135.08389384825728 27.796195934857067
U 921 677112400 135.1413654721351 27.7765121420353
D 922 677771866 135.1950257596723 27.751682201640588
D 923 678021957 135.24491085481552 27.726538384736592
D 924 680690952 135.77729357882743 27.61026601633409
D 925 680941672 135.82730705421824 27.585201917684923
U 926 680819123 135.88117145852402 27.56048673019458
U 927 681108880 135.93900363928333 27.540947518308265
U 928 682668831 136.2503460501602 27.512508208553346
U 929 682958945 136.30824732129994 27.492997594344605
D 930 683623295 136.36220864235548 27.46833725031388
D 931 683874678 136.41235199685175 27.44335329493221
D 932 686542181 136.94443939497745 27.328520016005562
D 933 686794218 136.99471165893192 27.303615129564577
U 934 686669804 137.04887849149446 27.279068787834845
U 935 686961740 137.10714512113373 27.25970208226854
U 936 688512890 137.41673166624446 27.232019016715363
U 937 688805173 137.47506749912895 27.212680474747344
D 938 689474424 137.5293315077102 27.188188405193785
D 939 689727111 137.57973419266818 27.163363014329818
D 940 692393125 138.11152550560013 27.049949722905158
D 941 692646458 138.16205763153297 27.025202758735634
U 942 692520195 138.21652855996993 27.000823949140543
U 943 692814337 138.27523466091412 26.98162865343228
U 944 694356623 138.58305125666791 26.954687614434935
U 945 694651117 138.64182667349885 26.935520053773388
D 946 695325251 138.69639503756716 26.911194951079924
D 947 695579239 138.7470581288186 26.886526841373144
D 948 698243773 139.27855258785462 26.774514720689844
D 949 698498416 139.32934565391452 26.749924402215548
U 950 698370306 139.3841223599877 26.725711824549766
U 951 698666675 139.4432730660299 26.706686857972734
U 952 700200028 139.7493053687466 26.68047385088931
U 953 700496732 139.80852550309112 26.661476195922287
D 954 701175781 139.86339990475236 26.637316766560513
D 955 701431074 139.9143244828718 26.612804668114062
D 956 704094125 140.44552130996428 26.502175179915817
D 957 704350077 140.49657639905274 26.477740243814424
U 958 704220142 140.55166057886336 26.4536926126814
U 959 704518767 140.61126113898445 26.43483690934816
U 960 706043101 140.91549453692227 26.409338159405216
U 961 706342065 140.97516463752703 26.390509349734568
D 962 707026029 141.03034677322285 26.366514314083226
D 963 707282650 141.081533923554 26.34215697028975
D 964 709944198 141.6124323313496 26.232891851378017
D 965 710201466 141.66375053114993 26.20861104794634
U 966 710069716 141.71914389533566 26.184727090944996
U 967 710370607 141.7791996776856 26.166039601060476
U 968 711885849 142.08161928271375 26.141241547734513
U 969 712187112 142.14174471749746 26.12258053807165
D 970 712875993 142.19723629820567 26.0987486302403
D 971 713133922 142.24868711088385 26.0745447976081
D 972 715793964 142.77928630276537 25.96662605459855
D 973 716052561 142.83086870576574 25.942498146549237
U 974 715918986 142.88657297970138 25.918776605533807
U 975 716222205 142.9470894757931 25.900256293496895
U 976 717728277 143.24768011465613 25.876145588171664
U 977 718031840 143.30826637489304 25.857651348238278
D 978 718725658 143.36406912632597 25.83398131589284
D 979 718984922 143.4157846963024 25.80992976387601
D 980 721643451 143.94608386643276 25.703339669124826
D 981 721903390 143.99793156994366 25.67936343233784
U 982 721768015 144.0539484939448 25.655803062735927
U 983 722073546 144.11493132303545 25.63744890800235
U 984 723570402 144.41367752822603 25.61401240884388
U 985 723876295 144.4747302329272 25.595683923278123
D 986 724575046 144.53084589573712 25.57217452746865
D 987 724835644 144.5828273228035 25.548274038299635
D 988 727492672 145.11282565616003 25.44299512519857
D 989 727753937 145.16493976234892 25.4191693481738
U 990 727616761 145.22127109188352 25.39576891787931
U 991 727924684 145.28272600556278 25.37757991549365
U 992 729412196 145.57961200575167 25.3548046838942
U 993 729720463 145.64113690626152 25.336640952162252
D 994 730424156 145.6975672362506 25.313290967154188
D 995 730686095 145.74981562506218 25.289540335678502
D 996 733341612 146.27951229747813 25.185555393621996
D 997 733604224 146.33189391338541 25.161878877552468
U 998 733465258 146.38854141928655 25.138637168617514
U 999 733775573 146.4504743063035 25.120612327865146
U 1000 735253685 146.74548401631827 25.098485624846134
U 1001 735564347 146.80748700113585 25.080485661157347
D 1002 736272987 146.86423376946775 25.057293874266353
D 1003 736536269 146.91675022956758 25.03369190777999
D 1004 739190272 147.4461444077674 24.930983979362715
D 1005 739454233 147.49879464533387 24.907455537323937
U 1006 739313499 147.55576011401587 24.884371344185656
U 1007 739626224 147.61817700534283 24.866509689024344
U 1008 741094861 147.91129401562947 24.845018971488805
U 1009 741407945 147.97378111547079 24.82718180471749
D 1010 742121561 148.03084610888902 24.804147016145784
D 1011 742386193 148.08363175473445 24.780692534234724
D 1012 745038668 148.61272259636868 24.679244909625666
D 1013 745303980 148.66564257245832 24.655863367957302
U 1014 745161470 148.72292780613995 24.632935497283004
U 1015 745476655 148.7858348802885 24.615236066629556
U 1016 746935721 149.07704244587882 24.594368982791693
U 1017 747251265 149.14001983899732 24.576693656405673
D 1018 747969863 149.19740486004787 24.553814679080066
D 1019 748235843 149.25046081103272 24.530506513464164
D 1020 750886803 149.77924746471143 24.430302727020074
D 1021 751153465 149.83243830114216 24.407066922991664
U 1022 751009199 149.89004511806877 24.384294195188016
U 1023 751326871 149.95344870668407 24.366756042363946
U 1024 752776283 150.24272973558826 24.346500429018143
U 1025 753094316 150.3062037533651 24.328986001011522
D 1026 753817885 150.36391062062094 24.306261660424106
D 1027 754085233 150.41723800110245 24.283098654801897
D 1028 756734667 150.94571960642986 24.184122480699397
D 1029 757002687 150.99918242999098 24.161031263972067
U 1030 756856675 151.05711266467222 24.138412511523153
U 1031 757176865 151.12101925841102 24.121034704426283
U 1032 758616537 151.40835629943214 24.101378583094565
U 1033 758937094 151.47233343225724 24.08402412592712
D 1034 759665662 151.53036398055036 24.061453259979654
D 1035 759934368 151.58396391987495 24.038434269875104
D 1036 762582263 152.11213960747907 23.940669718227383
D 1037 762851656 152.16587554996096 23.917721950406065
U 1038 762703903 152.2241310534005 23.89525601794978
U 1039 763026652 152.28854730813134 23.878037638948268
U 1040 764456492 152.57392253803488 23.85896921238437
U 1041 764779603 152.63840944150166 23.841773812925524
D 1042 765513166 152.69676552215793 23.81935527177652
D 1043 765783248 152.75063915468343 23.796479164389442
D 1044 768429607 153.27850804624703 23.699910477887823
D 1045 768700383 153.33251824446597 23.67710503164547
U 1046 768550889 153.39110088440592 23.654790776183514
U 1047 768876220 153.45603362772107 23.637730922067067
U 1048 770296147 153.7394288377521 23.619238570653
U 1049 770621843 153.80443233917896 23.60220133013247
D 1050 771360418 153.86311582025996 23.579933976045584
D 1051 771631885 153.91726428538263 23.557199630103135
D 1052 774276702 154.44482549367413 23.4618112793202
D 1053 774548843 154.49911108949627 23.43914703910216
U 1054 774397625 154.5580227506582 23.416983329678693
U 1055 774725589 154.6234789887633 23.400081111618203
U 1056 776135500 154.9048755704146 23.382153390182165
U 1057 776463816 154.9704026757232 23.365273424146828
D 1058 777207417 155.02941544226897 23.343156131342333
D 1059 777480260 155.08383988445087 23.32056243695307
D 1060 780123540 155.61109251334926 23.22633911694862
D 1061 780397065 155.66565465371878 23.20381497883312
U 1062 780244143 155.72489723805933 23.18180069597511
U 1063 780574767 155.79088416301957 23.165055239637777
U 1064 781974559 156.0702630930629 23.147680873832535
U 1065 782305542 156.13632099403455 23.130957312109945
D 1066 783054169 156.19566494831642 23.10898896661846
D 1067 783328401 156.25036651710872 23.086534825129355
D 1068 785970119 156.7773096616337 22.993461452162986
D 1069 786245053 156.83214949859376 22.971076322685146
U 1070 786090413 156.89172492555824 22.949210359307354
U 1071 786423729 156.95824992297094 22.932620804128085
U 1072 787813325 157.23559174763685 22.91578868754659
U 1073 788147007 157.3021878295747 22.899220674214757
D 1074 788900661 157.36186489135125 22.877400173730685
D 1075 789176293 157.4168447414211 22.855084497590006
D 1076 791816451 157.94347748775627 22.763146204932696
D 1077 792092779 157.99859617848043 22.74089900225115
U 1078 791936456 158.0585063852628 22.719180262294973
U 1079 792272503 158.12557704234464 22.702745762646998
U 1080 793651799 158.4008618606451 22.686444953022487
U 1081 793988202 158.46800371047215 22.67003164638731
D 1082 794746913 158.52801581724756 22.648357900131682
D 1083 795023950 158.58327510840363 22.62617961274002
D 1084 797662552 159.10959653392473 22.53536174721012
D 1085 797940279 159.16499524074277 22.513251400043007
U 1086 797782280 159.22524218255046 22.491678799512524
U 1087 798121087 159.29286629671086 22.475398523492064
U 1088 799489973 159.5660737427907 22.45961824022975
U 1089 799829149 159.63376915761359 22.443358812808246
D 1090 800592930 159.69411826490628 22.42183074138781
D 1091 800871363 159.7496581621264 22.39978877696592
D 1092 803508408 160.2756673354186 22.31007689594356
D 1093 803787537 160.33134722583955 22.288102343873387
U 1094 803627856 160.3919328761726 22.26667480922086
U 1095 803969504 160.46011846407347 22.25054793973193
U 1096 805327863 160.7312276885697 22.23527755950748
U 1097 805669850 160.79948468474566 22.219171198020682
D 1098 806438699 160.86017276636113 22.197787733289132
D 1099 806718544 160.91599443981744 22.175881036743185
D 1100 809354019 161.44169042070567 22.087260904557827
D 1101 809634567 161.4976526674452 22.06542109770372
U 1102 809473231 161.55857901836777 22.044137567120906
U 1103 809817715 161.6273343255358 22.02816330083595
U 1104 811165466 161.89632397582272 22.01339235569029
U 1105 811510314 161.96515079856718 21.99743826106268
D 1106 812284229 162.02617984687402 21.976198345985267
D 1107 812565495 162.08228447196194 21.9544258727736
D 1108 815199372 162.60766631152515 21.866883456478753
D 1109 815481355 162.66391209253737 21.84517735559102
U 1110 815318370 162.72518115496408 21.824036778277115
U 1111 815665758 162.7945146659757 21.808214326483284
U 1112 817002778 163.06136286524867 21.793932500352327
U 1113 817350517 163.13076799882097 21.778129887718535
D 1114 818129520 163.19214002503847 21.757032476238656
D 1115 818412206 163.2485287823999 21.735393192240892
D 1116 821044540 163.77359552299717 21.648914659242504
D 1117 821327933 163.8301260214946 21.627341235610213
U 1118 821163301 163.89173982548076 21.606342571607485
U 1119 821513622 163.96166027477932 21.590671159651716
U 1120 822839795 164.2263445998663 21.57686828522986
U 1121 823190491 164.2963367783875 21.56121638395182
D 1122 823974589 164.35805381287037 21.54026044085993
D 1123 824258709 164.41472788842458 21.518753322247623
D 1124 826889443 164.9394785637123 21.43332503763525
D 1125 827174275 164.99629496819693 21.411883272010655
U 1126 827008009 165.05825556323512 21.391025492142322
U 1127 827361317 165.1287719466215 21.375504359674643
U 1128 828676535 165.39126940442617 21.362170415522222
U 1129 829030219 165.4618576233694 21.34666846921333
D 1130 829819419 165.52392171590895 21.32585297001778
D 1131 830104970 165.58088230087833 21.304477003127683
D 1132 832734116 166.10531593582658 21.220085524733836
D 1133 833020393 166.16241944011722 21.198774408787134
U 1134 832852500 166.224728895442 21.178056494523478
U 1135 833208858 166.2958504823017 21.162684895641817
U 1136 834512989 166.55613748476352 21.149810002972142
U 1137 834869702 166.62733101318014 21.134457269532643
D 1138 835664030 166.68974423330596 21.11378120033328
D 1139 835951027 166.74699252424338 21.092535381541015
D 1140 838578570 167.2711081351572 21.00916745843105
D 1141 838866291 167.32849993841555 20.98798599340299
U 1142 838696799 167.39116034330962 20.967406936742734
U 1143 839056228 167.46289668962547 20.952184139967166
U 1144 840349166 167.7209490270946 20.93975856012174
U 1145 840708963 167.7927574206303 20.92455431178114
D 1146 841508407 167.85552185791943 20.90401666914333
D 1147 841796862 167.9130590567354 20.882900004741053
D 1148 844422806 168.43685565126924 20.800542573327608
D 1149 844711975 168.49453695802907 20.77948977030883
U 1150 844540874 168.55755042214253 20.75904857370714
U 1151 844903439 168.62991138437954 20.743973861838068
U 1152 846185060 168.88570419723976 20.73198799331507
U 1153 846547976 168.958137312011 20.71693151668618
D 1154 847352561 169.0212550764052 20.696531307517695
D 1155 847642468 169.07908239039688 20.675542813591527
D 1156 850266800 169.6025589675674 20.594182994739164
D 1157 850557439 169.660530987764 20.57325787505197
U 1158 850384754 169.72389964143608 20.5529535511224
U 1159 850750492 169.79689539134372 20.53802622149665
U 1160 852020669 170.0504031397672 20.526470596528764
U 1161 852386768 170.12347114717363 20.511561192672346
D 1162 853196503 170.1869443693025 20.49129743410239
D 1163 853487870 170.24506301118197 20.47043613641408
D 1164 856110599 170.76821856138798 20.390061233222916
D 1165 856402691 170.82648251038168 20.36926282712568
U 1166 856228431 170.8902085049746 20.34909439861784
U 1167 856597400 170.96384954541517 20.334313763146035
U 1168 857856002 171.21504597706772 20.323179045716802
U 1169 858225324 171.28875937961428 20.30841603021888
D 1170 859040229 171.35259021112566 20.288287749478354
D 1171 859333061 171.41100139904657 20.267552683346057
D 1172 861954173 171.93383490407956 20.188150176959482
D 1173 862247726 171.99239200268798 20.16747752453754
U 1174 862071903 172.05647751092098 20.147444024432165
U 1175 862444165 172.13077469280168 20.132809409718597
U 1176 863691031 172.37963280831843 20.122086392007848
U 1177 864063662 172.4540024565462 20.10746909506867
D 1178 864883731 172.51819307044514 20.087475329373703
D 1179 865178043 172.57689802803327 20.066865539555387
D 1180 867797532 173.09940846109004 19.98842308744938
D 1181 868092572 173.15825993561555 19.967875238075212
U 1182 867915189 173.2227071519147 19.947975709199103
U 1183 868290781 173.29767169231883 19.933486456576876
U 1184 869525808 173.54416370835975 19.923166056663725
U 1185 869901780 173.6192008189814 19.908693823201833
D 1186 870727020 173.68375340997687 19.88883361963656
D 1187 871022802 173.74275336635745 19.868348160215618
D 1188 873640676 174.26493969205143 19.790853592382145
D 1189 873937204 174.3240867743119 19.77042960498503
U 1190 873758258 174.38889791516317 19.75066309987137
U 1191 874137271 174.46454141680547 19.736318565629006
U 1192 875360294 174.70863872645316 19.72639182446306
U 1193 875739656 174.7843549018058 19.712064014218292
D 1194 876570100 174.8492716866642 19.692336429545126
D 1195 876867372 174.90856787649156 19.671974363850044
D 1196 879483616 175.43042905086423 19.59541568141954
D 1197 879781616 175.48987297821657 19.575114623672977
U 1198 879601153 175.5550502825279 19.555480204624494
U 1199 879983624 175.6313847546511 19.54127975994812
U 1200 881194496 175.8730578849075 19.53173783876942
U 1201 881577334 175.9494651338485 19.517553826463402
D 1202 882412971 176.0147483517532 19.497957927240577
D 1203 882711734 176.07434201523984 19.4777183276333
D 1204 885326356 176.5958769857719 19.40208369898803
D 1205 885625851 176.65561900114696 19.381904647811968
U 1206 885443850 176.72116473061683 19.362401386706438
U 1207 885829850 176.79820261146494 19.348344417978172
U 1208 887028426 177.0374211775767 19.339178595390408
U 1209 887414786 177.11453193795782 19.325137770841284
D 1210 888255645 177.18018385088405 19.305672633080576
D 1211 888555902 177.24007623382934 19.285554580949995
D 1212 891168863 177.76128393944722 19.210832339681065
D 1213 891469876 177.82132529137837 19.190774380854844
U 1214 891286368 177.8872417308772 19.17140135901096
U 1215 891675954 177.96499591191204 19.157487267911492
U 1216 892862063 178.20172856818706 19.148688937285485
U 1217 893252019 178.27955573107198 19.134790705581803
D 1218 894098099 178.34557862416187 19.11545541471776
D 1219 894399867 178.40577097798263 19.09545800033641
D 1220 897011183 178.92665034906798 19.02163664210362
D 1221 897313688 178.9869922917205 19.001698870209676
U 1222 897128694 179.05328174967133 18.98245517862511
U 1223 897521923 179.1317656017067 18.968683382461307
U 1224 898695438 179.36597998849626 18.96024404892462
U 1225 899089039 179.44453692428834 18.946487830607158
D 1226 899940367 179.51093310624034 18.927281481389905
D 1227 900243633 179.5714266880008 18.907403803807146
D 1228 902853308 180.09197664639802 18.834471984324768
D 1229 903157333 180.15262043959427 18.814653503175393
U 1230 902970847 180.21928524838518 18.795538241325485
U 1231 903367802 180.29851264981883 18.78190817293028
U 1232 904528523 180.53017533624046 18.773819451380714
U 1233 904925855 180.60947592291964 18.760204682642286
D 1234 905782423 180.67624772638754 18.74112637903191
D 1235 906087215 180.73704379882702 18.72136754596884
D 1236 908695216 181.25726325784734 18.649314078837065
D 1237 909000770 181.31821016710282 18.629614000067047
U 1238 908812814 181.3852526834788 18.61062627739458
U 1239 909213569 181.4652380508684 18.597137385345736
U 1240 910361327 181.6943144728789 18.589390996653908
U 1241 910762454 181.77437312658068 18.57591712955956
D 1242 911624292 181.84152290857605 18.556965984622416
D 1243 911930602 181.90262274014273 18.53732511236885
D 1244 914536952 182.4225106045734 18.46613896547842
D 1245 914844012 182.4837619011276 18.446556409606206
U 1246 914654599 182.55118450661317 18.427695344242988
U 1247 915059218 182.63194282783934 18.41434709364295
U 1248 916193848 182.85839722106502 18.40693486290155
U 1249 916598854 182.9392289292374 18.393601365631728
D 1250 917465958 183.00675907154883 18.374776501438784
D 1251 917773792 183.06816393642694 18.355252714750346
D 1252 920378478 183.58771910253253 18.284923008482767
D 1253 920687078 183.64927606337224 18.265457104658523
U 1254 920496195 183.71708116470055 18.24672182373798
U 1255 920904784 183.79862803500183 18.23351369594454
U 1256 922026088 184.02242336182923 18.226427549174137
U 1257 922435039 184.10404371926876 18.213233906294164
D 1258 923307422 184.17195662888773 18.194534453819063
D 1259 923616791 184.23366780703157 18.175126885817555
D 1260 926219808 184.75288916255832 18.105642890978135
D 1261 926529947 184.8147530704597 18.086292776349307
U 1262 926337643 184.88294309999878 18.067682415826184
U 1263 926750248 184.96529476121003 18.05461390894871
U 1264 927858055 185.18639263144982 18.04784587055352
U 1265 928271025 185.26881787953982 18.034791583306895
D 1266 929148718 185.33711598909514 18.016216682328576
D 1267 929459622 185.39913476625787 17.996924474402334
D 1268 932060950 185.9180211904396 17.928275609286622
D 1269 932372646 185.9801933339876 17.909040429400047
U 1270 932178909 186.048770750198 17.89055413408622
U 1271 932595640 186.1319441335584 17.87762476326845
U 1272 933689711 186.35030471793496 17.871166953224385
U 1273 934106815 186.43355178745458 17.85825153985686
D 1274 934989807 186.50223755566333 17.839800338860247
D 1275 935302271 186.56456522342657 17.820622640566665
D 1276 937901911 187.0831155869832 17.75279846940572
D 1277 938215151 187.14559726061069 17.73367737776212
U 1278 938020000 187.21456454849852 17.7153143009722
U 1279 938440934 187.2985773214665 17.70252359870636
U 1280 939521073 187.5141592570683 17.696368229700372
U 1281 939942397 187.59824581500564 17.683591225817572
D 1282 940830703 187.66732172712642 17.66526288189863
D 1283 941144734 187.7299595829368 17.646198850866956
D 1284 943742680 188.24817274807782 17.579189080756283
D 1285 944057487 188.3109652520945 17.560181239030044
U 1286 943860917 188.38032492368043 17.54194054277752
U 1287 944286152 188.46519554124367 17.529288059387138
U 1288 945352164 188.67795582799053 17.52342743411476
U 1289 945777782 188.76290032885024 17.51078839307255
D 1290 946671429 188.83236889715693 17.492582071842396
D 1291 946987004 188.89531824435232 17.473630873680293
D 1292 949583266 189.4131930647761 17.407425352875688
D 1293 949899631 189.47629770540019 17.388529930625445
U 1294 949701690 189.5460523002042 17.37041078530631
U 1295 950131320 189.63180006124549 17.357896089316185
U 1296 951182955 189.8416939481758 17.352322597543356
U 1297 951612964 189.9275156903495 17.339821090874135
D 1298 952511963 189.9973794546096 17.32173596636745
D 1299 952829113 190.06064160245452 17.302896774566094
D 1300 955423654 190.57817692335104 17.237485490190785
D 1301 955741603 190.64159501273932 17.218701664796335
U 1302 955542288 190.71174709827022 17.20070324922479
U 1303 955976409 190.79839220766365 17.188325927840072
U 1304 957013474 191.00537306777449 17.18303204356864
U 1305 957447962 191.09209225563254 17.170667661451457
D 1306 958352318 191.16235378360145 17.152702916033768
D 1307 958671035 191.225930047317 17.133974911876106
D 1308 961263889 191.74312470536137 17.069347987766562
D 1309 961583399 191.8068575616463 17.050674944377615
U 1310 961382714 191.8774097339098 17.03279644564521
U 1311 961821450 191.96497337109813 17.020556105255682
U 1312 962843661 192.1689925631722 17.015534383534163
U 1313 963282760 192.25663037564254 17.003306735308875
D 1314 964192488 192.32729226356932 16.985461559586625
D 1315 964512800 192.3911839643672 16.966843932056662
D 1316 967103928 192.90803678772266 16.902991626700082
D 1317 967425036 192.97208573504258 16.88442855809365
U 1318 967222992 193.04304061905623 16.866669171446812
U 1319 967666434 193.13154501401823 16.85456543824179
U 1320 968673570 193.33255172965977 16.84980851246043
U 1321 969117378 193.4211303961913 16.837717227196375
D 1322 970032482 193.49219526933666 16.819990819928346
D 1323 970354389 193.5564037344509 16.80148276562073
D 1324 972943793 194.07291354276384 16.738395470053845
D 1325 973266488 194.137279911291 16.719941576588067
U 1326 973063118 194.2086401616232 16.702300505471882
U 1327 973511395 194.29810867926523 16.690333025930418
U 1328 974503156 194.4960497730484 16.68583360439998
U 1329 974951805 194.58559265800903 16.673878331519255
D 1330 975872305 194.6570631711768 16.656269899529466
D 1331 976195793 194.72158973389693 16.637870622561387
D 1332 978783493 195.23775533829388 16.575538858188647
D 1333 979107775 195.3024404642778 16.55719334791108
U 1334 978903082 195.37420876558022 16.539669803686593
U 1335 979356311 195.46466599981954 16.527838245502203
U 1336 980332428 195.65948580003794 16.523589108284423
U 1337 980786038 195.75001749678862 16.51176951824955
D 1338 981711951 195.82189633487002 16.494278276340534
D 1339 982037049 195.88674233457468 16.475986988264186
D 1340 984622999 196.40256253765696 16.414401405439282
D 1341 984948893 196.46756776344824 16.396163493275665
U 1342 984742882 196.53974683102965 16.378756695272703
U 1343 985201210 196.63121871000791 16.36706074794397
U 1344 986161397 196.82285880712408 16.363054743789515
U 1345 986620082 196.91440524323747 16.35137052886066
D 1346 987551419 196.98669512177258 16.333995699728852
D 1347 987878125 197.05186190396287 16.31581161944597
D 1348 990462342 197.56733549980908 16.254962994724067
D 1349 990789843 197.63266217389514 16.23683190345351
U 1350 990582557 197.70525475428627 16.219541078817738
U 1351 991046100 197.79776865849277 16.20798045440457
U 1352 991990044 197.98616766773895 16.204210496914975
U 1353 992453956 198.07875622312153 16.192661371989026
D 1354 993390730 198.15145988887386 16.17540218614117
D 1355 993719038 198.2169488052048 16.15732453981797
D 1356 996301524 198.73207457935493 16.097203774674686
D 1357 996630647 198.79772405639636 16.079178733936008
U 1358 996422060 198.87073292794452 16.062003117658648
U 1359 996890970 198.9643178233454 16.05057755183256
U 1360 997818360 199.1494111172947 16.047036616300232
U 1361 998287625 199.24307075731056 16.03562231983733
D 1362 999229872 199.31619098885312 16.018478015508812
D 1363 999559808 199.3820033971714 16.000506036491803
D 1364 1002140534 199.8967801266233 15.941104155045453
D 1365 1002471272 199.96275376748807 15.923184401711692
U 1366 1002261437 200.03618174095524 15.906123236505712
U 1367 1002735845 200.13086832965635 15.894832489703875
U 1368 1003646338 200.31258773567674 15.891513608764921
U 1369 1004121134 200.40734916181506 15.880233903817004
D 1370 1005068829 200.48088877013768 15.863203726890656
D 1371 1005400394 200.54702603451284 15.845336655624935
D 1372 1007979371 201.06145248771622 15.786644803172813
D 1373 1008311754 201.12775165951186 15.768829580996051
U 1374 1008100650 201.20160157870393 15.751882117007845
U 1375 1008580760 201.2974224702501 15.740725975242368
U 1376 1009473976 201.47569592666238 15.737622235550907
U 1377 1009954446 201.5715917478322 15.726476910906468
D 1378 1010907638 201.64555357696182 15.709560114834197
D 1379 1011240835 201.71201706772212 15.69179719878151
D 1380 1013818052 202.22609200457796 15.633806639240417
D 1381 1014152053 202.29271808068376 15.616095199452795
U 1382 1013939733 202.3669928230813 15.599260694454795
U 1383 1014425695 202.463982730149 15.588238970975304
U 1384 1015301268 202.63873389356323 15.585343508484444
U 1385 1015787597 202.7357988217877 15.574332379946826
D 1386 1016746278 202.81018574942533 15.557528225669861
D 1387 1017081115 202.87697684319153 15.539868719228657
D 1388 1019656557 203.3906990150282 15.482570833901963
D 1389 1019992226 203.45765337513697 15.464962434427507
U 1390 1019778674 203.53235585255308 15.44824015371301
U 1391 1020270669 203.63055181570593 15.437352690039802
U 1392 1021128190 203.80169961019985 15.434658685664196
U 1393 1021620567 203.89997068536653 15.423781597479346
D 1394 1022584756 203.97478562354365 15.407089353352813
D 1395 1022921243 204.04190570326534 15.389532517779012
D 1396 1025494907 204.55527385284265 15.332918803805413
D 1397 1025832227 204.62255788298972 15.315412709150195
U 1398 1025617458 204.69769104224434 15.298801925257516
U 1399 1026115714 204.7971326895217 15.288048593143813
U 1400 1026954743 204.96459078610698 15.28554926814017
U 1401 1027453362 205.06410763555925 15.274806094601672
D 1402 1028423062 205.13935353130904 15.258225036317915
D 1403 1028761222 205.20680398629872 15.240770139647072
D 1404 1031333106 205.71981684779053 15.184832207831972
D 1405 1031672079 205.78743194039257 15.167427689369212
U 1406 1031456123 205.86299876399983 15.150927682228572
U 1407 1031960816 205.96372861261864 15.140308385250151
U 1408 1032780911 206.1274048244508 15.137996995700789
U 1409 1033285980 206.2282099646869 15.127387642871412
D 1410 1034261226 206.30388980073698 15.11091705349694
D 1411 1034601040 206.37167202670486 15.093563370445247
D 1412 1037171133 206.88432832569111 15.038292943814248
D 1413 1037511771 206.9522758795815 15.020989279528107
U 1414 1037294649 207.0282793864613 15.004599336292546
U 1415 1037806030 207.13034319582087 14.994114011976736
